
printing solution...
Parameters:
p0: [0, 1]
p1: [0, 1]
p2: [0, 1]
p3: [0, 1]
p4: [0, 1]
p5: [0, 1]
p6: [0, 1]
p7: [0, 1]
p8: [0, 1]
p9: [0, 1]
p10: [0, 1]
p11: [0, 1]
p12: [0, 1]
p13: [0, 1]
p14: [0, 1]
p15: [0, 1]
p16: [0, 1]
p17: [0, 1]
p18: [0, 1]
p19: [0, 1]
p20: [0, 1]
p21: [0, 1]
p22: [0, 1]
p23: [0, 1]
p24: [0, 1]
p25: [0, 1]
p26: [0, 1]
p27: [0, 1]
p28: [0, 1]
p29: [0, 1]
p30: [0, 1]
p31: [0, 1]
p32: [0, 1]
p33: [0, 1]
p34: [0, 1]
p35: [0, 1]
p36: [0, 1]
p37: [0, 1]
p38: [0, 1]
p39: [0, 1]
p40: [0, 1]
p41: [0, 1]
p42: [0, 1, 2]
p43: [0, 1, 2]
p44: [0, 1, 2, 3]
p45: [0, 1, 2, 3]
p46: [0, 1, 2, 3]
p47: [0, 1, 2, 3]
p48: [0, 1, 2, 3]
p49: [0, 1, 2, 3]
p50: [0, 1, 2, 3]
p51: [0, 1, 2, 3]
p52: [0, 1, 2, 3]
p53: [0, 1, 2, 3]
p54: [0, 1, 2, 3]

Configurations:
1st  0 0 1 0 1 0 1 0 1 1 1 1 1 1 1 1 0 0 1 1 1 0 1 1 0 1 1 0 0 0 0 0 0 0 1 1 1 0 0 1 1 1 1 1 2 1 0 1 1 3 2 0 3 0 3
2nd  0 0 1 0 0 1 0 1 1 1 0 0 1 1 1 0 0 1 1 0 1 0 1 0 1 1 0 1 1 0 1 0 0 1 1 0 1 0 0 1 1 0 2 2 3 0 3 1 1 0 2 0 0 1 1
3rd  0 0 1 0 1 0 0 0 1 0 0 1 0 0 1 1 1 1 0 1 1 0 1 1 0 1 1 0 0 0 1 1 0 1 0 1 1 0 1 0 0 0 0 2 2 0 2 3 1 3 3 0 2 1 0
4th  0 1 1 1 1 0 1 0 1 0 1 1 1 1 1 0 1 0 0 0 0 1 1 1 0 1 0 1 0 0 1 1 0 0 1 0 1 1 0 0 0 1 1 0 3 1 3 2 1 3 1 2 0 2 1
5th  0 0 0 0 0 0 0 1 0 0 0 1 0 1 0 0 1 0 0 0 0 0 1 0 0 0 0 1 0 1 0 0 1 1 1 0 1 1 0 0 1 1 2 0 0 2 3 0 1 1 1 1 3 0 1
6th  0 1 1 0 0 1 1 0 0 1 1 0 1 1 0 0 1 1 1 0 0 1 1 0 1 1 1 0 1 1 1 0 0 1 1 0 1 1 1 1 0 0 0 2 1 1 1 3 1 1 2 3 0 2 1
7th  0 1 0 0 0 1 1 0 1 0 1 1 1 1 1 0 1 1 1 1 1 0 1 0 1 0 1 1 0 0 1 0 0 0 0 1 0 1 1 0 0 1 1 1 2 0 0 0 2 1 0 3 2 0 1
8th  1 1 1 0 1 1 1 0 0 0 1 0 0 0 1 0 0 1 0 1 1 0 0 0 0 1 0 1 1 1 0 1 0 1 0 1 1 0 1 0 1 1 1 2 1 1 3 2 0 0 0 2 1 1 3
9th  0 1 0 0 0 1 1 1 1 0 1 0 1 0 0 0 0 0 1 0 1 0 0 1 0 0 1 0 0 1 1 0 0 1 0 0 1 0 0 1 0 1 2 1 1 3 3 2 3 2 0 2 2 1 0
10th  1 1 0 0 1 1 1 1 1 1 0 1 0 1 1 1 1 1 0 0 1 1 1 0 0 1 0 1 1 1 1 0 0 1 1 1 1 1 0 1 0 0 0 2 2 0 3 0 1 3 0 1 0 1 2
11th  0 1 0 0 0 0 1 0 0 1 0 1 1 0 1 0 1 1 0 0 1 1 1 0 0 1 0 1 0 0 1 1 1 0 1 0 1 0 1 1 0 0 2 2 0 0 2 0 3 1 0 2 1 2 2
12th  0 0 1 1 1 1 0 0 0 0 0 0 0 1 0 0 1 1 0 0 0 1 0 0 0 0 1 1 1 0 1 1 1 1 0 1 1 1 1 0 1 0 2 2 3 1 0 3 1 2 1 1 0 0 3
13th  0 1 1 0 1 0 1 1 1 1 0 1 1 1 0 1 0 1 0 1 1 1 1 0 0 0 1 1 0 1 0 1 1 1 1 0 1 1 1 1 1 1 2 1 0 1 3 3 1 0 1 3 2 1 0
14th  1 0 1 1 0 1 1 1 0 1 1 0 1 1 0 1 1 0 1 1 0 0 0 0 1 1 0 1 1 0 1 0 0 1 1 0 0 0 0 1 1 0 0 1 0 3 0 3 2 2 1 2 1 0 3
15th  1 0 0 1 0 0 0 0 0 1 0 1 0 1 1 0 1 0 1 0 1 1 0 1 1 1 0 0 1 0 1 1 0 1 0 1 1 1 0 0 0 0 2 2 0 1 0 1 2 2 0 3 1 1 2
16th  0 1 1 0 1 1 1 1 1 1 0 0 1 1 0 0 1 1 1 1 0 1 0 0 1 0 1 0 0 0 0 0 0 1 1 1 0 0 0 1 0 0 1 0 2 1 1 3 2 2 0 0 2 1 3
17th  1 1 1 0 1 0 0 0 1 1 0 0 1 1 0 0 1 0 0 1 1 1 1 1 0 0 1 1 0 1 0 1 1 0 1 1 0 0 0 0 0 1 1 2 2 2 2 0 1 0 1 2 3 0 3
18th  0 0 1 0 0 1 0 1 0 0 1 1 0 0 1 0 0 0 1 1 1 1 0 0 0 1 0 1 1 0 0 1 1 1 1 1 1 1 0 0 1 0 2 0 1 0 0 0 0 3 2 3 2 2 2
19th  0 0 0 0 0 1 0 0 0 1 1 1 0 0 1 1 1 1 1 0 1 1 0 0 0 0 1 0 1 0 1 0 0 1 1 0 0 1 0 1 0 0 2 2 0 2 1 1 2 0 2 3 1 0 0
20th  1 0 1 0 0 1 0 0 0 1 0 1 1 0 0 0 1 1 0 1 0 1 1 1 0 1 0 0 0 0 1 0 0 1 1 1 1 0 1 0 0 0 2 2 1 0 3 2 1 1 2 0 3 3 3
21th  1 0 1 0 1 0 0 0 1 0 0 1 0 0 1 1 0 1 0 1 1 1 1 0 0 1 1 0 0 1 1 1 0 1 1 1 1 0 1 0 1 0 0 1 2 1 3 0 3 1 0 2 3 3 1
22th  1 1 0 1 0 1 0 0 0 0 0 0 1 0 0 1 0 1 0 0 0 0 0 1 1 1 0 1 0 1 1 1 1 1 1 0 1 0 0 0 0 0 1 0 0 1 1 0 0 1 2 0 2 1 3
23th  0 1 0 0 1 0 1 1 0 0 0 0 0 0 0 1 1 0 0 0 0 0 0 0 1 1 1 1 0 1 0 1 0 0 0 0 0 0 0 0 1 1 0 0 0 2 1 1 2 3 3 2 0 1 0
24th  1 0 0 0 1 1 1 0 0 0 0 0 1 0 0 0 1 0 0 0 0 0 0 1 0 1 1 1 0 1 0 0 0 1 1 1 1 0 1 1 1 1 2 0 3 2 3 0 0 0 3 1 3 1 0
25th  0 1 1 1 0 0 0 1 0 1 1 1 0 0 0 1 1 0 1 0 0 1 1 0 0 1 0 1 0 0 0 0 1 0 1 1 0 1 1 0 1 0 2 2 3 2 0 0 2 2 1 3 2 2 3
26th  0 1 1 1 0 0 0 1 0 1 1 1 0 0 0 1 1 0 0 0 0 1 1 1 1 1 0 1 0 0 1 0 1 0 0 1 0 0 0 1 1 0 2 0 0 1 0 2 2 1 0 3 3 2 0
27th  1 0 1 1 1 0 0 0 1 1 0 0 0 0 0 0 0 1 1 1 1 0 1 0 0 0 1 0 0 1 1 0 1 1 0 0 1 1 1 0 0 0 2 1 1 2 2 1 2 1 0 0 3 1 2
28th  0 0 1 0 1 0 0 1 1 0 1 1 0 0 0 0 0 1 0 1 1 1 0 0 1 1 1 0 0 0 1 1 1 0 1 0 1 1 0 1 0 1 2 2 1 1 2 3 2 1 3 1 2 3 3
29th  1 1 1 1 1 1 0 1 1 1 1 0 1 1 1 1 1 0 1 0 1 1 0 1 0 1 0 1 0 1 0 1 1 0 1 0 1 1 0 1 0 0 0 0 1 1 0 2 0 1 1 1 1 2 2
30th  0 0 0 0 0 0 0 0 1 0 1 0 0 1 1 1 0 0 1 0 1 0 0 1 0 0 1 0 0 0 0 0 1 1 1 0 0 1 0 0 1 1 1 1 0 1 3 3 2 3 2 0 0 0 2
31th  1 1 1 1 0 0 0 1 1 0 1 1 0 1 1 1 0 1 0 1 1 1 1 1 1 1 0 1 1 0 0 0 1 1 1 0 0 0 0 1 1 1 1 1 0 3 0 0 3 0 0 3 1 2 0
32th  0 1 1 0 0 0 1 1 1 0 1 1 1 0 0 0 0 1 0 0 1 0 0 1 0 1 1 1 1 1 0 1 1 0 0 1 0 0 1 1 1 1 2 2 0 3 2 1 0 1 2 3 3 1 0
33th  0 0 0 1 1 1 1 0 1 1 1 0 0 1 0 0 0 1 1 1 0 0 1 1 1 0 0 0 0 0 0 0 0 0 0 0 1 1 1 1 1 0 0 2 0 0 0 1 3 3 1 3 0 0 2
34th  1 0 0 0 1 1 1 1 1 0 0 1 1 0 1 0 1 1 1 0 0 1 0 0 1 0 0 0 1 1 1 1 0 0 0 1 0 1 1 1 0 1 1 2 1 3 3 3 0 2 1 3 1 3 1
35th  1 1 0 1 1 0 0 0 0 0 0 1 0 0 0 0 0 1 0 0 0 1 0 0 1 0 1 1 1 0 1 1 1 1 0 1 1 1 1 0 1 0 0 2 1 0 2 2 1 2 1 2 0 1 1
36th  0 0 0 0 1 1 0 1 0 0 1 0 1 1 1 1 0 0 0 0 0 0 1 1 1 1 1 1 1 0 0 1 1 0 0 0 0 0 0 0 0 0 0 1 2 1 1 1 2 0 1 3 3 2 3
37th  0 1 1 0 1 1 0 1 0 1 0 1 1 1 1 0 1 0 1 1 1 1 1 0 0 1 1 1 1 1 1 1 0 1 1 1 1 0 0 0 1 0 2 0 1 3 2 3 0 0 3 3 0 1 3
38th  1 1 1 1 0 0 0 0 1 0 1 0 1 0 1 1 0 1 1 0 0 0 1 1 1 0 0 0 0 0 0 1 1 0 1 0 0 1 0 1 1 0 0 2 0 1 3 1 1 2 0 1 2 2 1
39th  0 1 0 1 0 1 0 0 1 1 1 1 0 0 1 0 0 0 0 1 1 1 1 1 0 1 0 0 1 1 1 1 1 0 1 0 1 0 1 0 0 1 2 1 2 0 0 2 0 2 0 0 3 1 2
40th  0 0 0 0 1 0 0 0 0 1 1 0 1 0 0 1 0 1 0 1 1 0 1 1 0 1 1 1 0 1 1 0 1 1 0 1 0 0 1 0 0 0 0 1 2 2 2 3 0 1 1 3 0 1 2
41th  0 1 0 0 1 1 1 0 1 1 1 1 1 0 1 1 1 0 1 0 0 1 1 0 0 0 1 1 1 0 0 1 1 0 1 1 1 0 1 1 0 0 2 0 0 3 0 0 2 3 3 1 0 3 2
42th  0 1 1 1 0 0 0 1 0 0 1 0 0 0 0 1 0 0 0 0 0 0 0 0 0 0 1 0 1 0 1 1 0 0 0 1 0 0 0 0 0 0 2 2 2 3 2 3 0 0 0 1 2 0 1
43th  0 1 0 1 0 1 1 1 1 0 1 1 1 1 0 1 1 1 1 0 0 1 1 0 0 1 1 1 1 1 0 1 0 1 1 0 0 0 1 1 1 0 1 2 3 1 0 3 3 0 0 0 3 3 2
44th  0 1 0 0 1 0 0 0 1 0 1 1 0 0 0 1 0 1 0 1 0 1 1 1 0 1 1 0 0 1 1 1 0 1 1 0 1 0 1 0 1 0 1 0 1 1 3 0 1 3 3 3 1 0 3
45th  1 1 1 1 1 0 0 1 0 1 1 0 0 0 0 1 0 0 0 0 0 0 0 1 0 0 1 0 1 1 1 1 0 0 0 1 0 0 0 0 0 0 0 2 2 1 1 3 1 1 3 0 3 0 2
46th  0 1 1 0 0 1 1 1 1 1 1 0 0 0 0 1 0 0 1 0 1 1 1 1 0 1 1 0 0 1 0 1 0 0 0 0 0 1 0 0 1 1 1 2 0 0 2 0 0 2 1 1 0 3 0
47th  0 0 1 0 1 0 0 1 1 0 1 1 0 1 0 0 0 1 0 1 1 1 0 0 1 1 1 0 0 0 1 1 1 0 1 0 1 1 0 1 0 1 1 1 3 1 2 0 2 1 2 3 0 2 1
48th  1 1 0 0 1 1 0 1 0 0 1 1 0 0 0 0 0 0 0 0 1 0 0 1 1 1 0 1 1 0 0 1 1 0 0 0 0 0 0 0 1 1 2 0 2 2 3 1 0 2 2 0 2 0 2
49th  0 1 1 1 0 1 0 0 1 1 1 0 1 0 1 0 0 0 1 0 0 0 1 0 1 0 0 1 1 0 0 1 1 1 1 0 0 0 1 0 0 1 0 2 0 0 3 0 2 1 3 0 2 2 2
50th  0 0 0 1 0 1 1 1 1 0 0 1 1 1 0 1 1 1 1 0 0 1 1 0 0 0 1 0 1 1 0 1 0 1 1 0 0 0 1 1 1 0 0 1 3 1 1 0 0 0 1 3 2 0 2
51th  0 0 0 1 1 1 1 1 1 0 1 1 0 1 1 0 0 1 1 1 1 0 0 0 0 0 1 1 0 1 1 0 1 1 0 1 1 1 0 0 0 0 1 2 2 1 2 2 3 1 2 3 1 1 1
52th  1 0 1 1 1 0 1 0 0 1 0 1 1 0 0 1 1 1 0 1 0 1 0 0 0 1 0 0 0 0 1 1 1 0 0 0 0 1 1 0 1 0 2 0 3 0 3 0 3 2 0 2 2 3 1
53th  0 1 1 1 0 0 0 0 1 0 1 1 1 1 0 0 1 1 0 0 1 1 1 1 0 1 1 0 0 0 1 0 0 0 1 1 1 0 1 0 1 0 0 1 0 1 2 2 1 0 3 1 1 3 0
54th  1 1 0 0 0 0 1 1 0 0 0 1 1 0 1 0 0 0 1 0 0 0 1 0 0 0 0 1 0 1 0 0 0 0 1 1 1 1 0 1 1 0 0 0 2 3 1 2 0 0 2 1 0 2 3
55th  0 1 1 0 1 1 1 1 1 1 1 0 0 0 1 1 1 0 1 1 1 0 1 1 1 1 0 0 1 0 0 0 0 1 1 0 0 0 1 1 0 0 2 0 2 1 2 3 0 3 2 2 0 3 0
56th  0 0 0 0 1 1 0 0 0 1 0 0 1 1 0 0 0 1 0 0 0 1 1 1 1 0 0 1 1 1 0 0 1 0 1 1 1 1 0 0 0 1 1 0 3 0 3 3 2 0 1 1 1 2 0
57th  0 1 1 1 1 1 1 1 1 1 0 1 0 1 0 1 0 0 1 0 0 0 0 1 1 1 0 1 0 1 1 1 0 1 0 1 0 1 0 0 0 0 0 2 0 2 1 0 3 2 3 1 1 2 0
58th  0 0 1 0 0 0 0 1 1 0 0 0 0 1 1 1 1 0 0 1 1 1 0 1 1 1 0 1 1 0 0 0 1 1 1 0 0 0 0 1 1 1 0 2 2 3 0 2 3 0 1 1 3 1 3
59th  1 0 0 0 0 0 0 1 0 1 1 1 1 1 0 1 1 0 0 1 1 1 0 0 1 1 0 0 0 1 1 0 0 0 1 1 1 0 0 1 0 1 0 2 1 2 0 0 1 1 3 0 0 2 0
60th  0 1 1 1 1 1 1 1 1 0 1 0 0 0 1 1 0 0 1 1 0 1 0 1 0 1 1 1 1 1 1 0 1 0 0 1 0 1 1 1 1 1 1 1 0 0 3 1 3 2 2 2 3 2 3
61th  0 0 1 1 0 1 1 0 1 1 0 0 0 0 0 0 0 1 1 0 1 0 1 1 0 0 0 0 0 1 1 1 1 1 0 0 0 1 1 0 0 0 1 0 3 1 3 1 3 3 3 1 3 3 1
62th  0 1 1 0 0 1 1 0 0 0 0 0 0 0 0 0 0 1 0 1 1 0 0 1 1 0 0 1 1 1 1 0 1 1 1 1 1 0 1 0 1 0 1 1 2 3 2 3 1 1 2 1 1 0 0
63th  1 1 1 0 1 1 1 1 1 1 1 0 0 0 0 1 0 0 1 0 1 1 1 1 0 1 1 0 0 1 0 1 0 0 0 0 0 1 0 0 1 1 2 2 1 0 1 3 1 1 0 3 2 0 0
64th  0 0 0 0 0 0 1 1 1 0 0 0 0 1 1 0 1 1 1 0 0 0 1 0 0 0 0 0 0 0 0 0 1 1 0 0 1 1 1 0 1 1 1 0 0 3 0 2 0 0 0 2 2 3 2
65th  0 0 0 1 1 1 1 0 0 1 0 1 0 1 0 1 0 0 1 0 0 1 0 1 0 1 0 1 0 0 1 1 0 1 1 0 0 1 1 0 0 1 1 0 2 0 1 1 0 1 0 2 2 0 3
66th  1 0 0 1 0 0 0 1 0 1 1 1 1 1 0 0 0 0 1 1 0 1 1 0 1 1 0 1 1 1 1 0 0 1 1 0 0 0 0 1 1 0 1 0 0 0 2 1 0 0 3 1 1 0 2
67th  0 0 1 1 0 1 1 1 1 0 1 1 0 0 0 1 0 0 1 1 1 1 1 1 1 0 0 0 0 1 1 0 1 1 1 0 0 0 1 1 0 1 2 2 0 2 0 3 2 1 1 0 3 1 1
68th  0 1 0 0 0 0 0 0 1 1 1 1 1 1 1 1 0 1 0 0 1 1 0 1 1 1 0 1 0 1 1 1 1 0 0 0 0 1 1 1 1 1 1 1 2 0 1 1 2 2 1 1 0 1 1
69th  0 0 0 1 1 1 0 0 1 0 1 1 1 1 1 0 0 1 0 1 0 0 0 0 0 1 1 0 0 0 1 0 1 0 1 1 0 0 1 1 1 0 0 2 2 2 3 0 1 1 1 3 0 3 0
70th  0 0 0 0 0 0 0 1 0 1 0 0 0 0 0 0 0 0 1 0 0 1 0 1 0 0 1 1 1 1 0 0 0 1 0 1 0 0 1 1 0 1 2 0 3 0 1 3 1 2 2 2 1 1 2
71th  0 0 1 1 1 1 0 0 1 1 1 0 1 0 1 0 0 0 0 1 0 0 1 1 1 0 1 0 0 0 0 1 1 0 0 0 1 1 0 1 0 0 2 1 2 2 3 2 3 2 0 0 1 2 1
72th  0 0 0 1 0 0 1 1 0 1 0 0 0 0 0 0 0 1 1 1 1 0 0 0 0 0 0 0 0 0 1 1 0 0 0 0 1 0 1 1 1 1 2 2 2 0 1 0 1 2 3 3 1 3 3
73th  1 1 1 0 0 0 1 1 1 0 1 1 1 0 0 0 0 1 0 0 1 0 0 1 0 1 1 1 1 1 0 1 1 0 0 1 0 1 1 1 1 1 0 1 0 1 2 3 3 1 3 2 1 0 0
74th  0 1 1 1 1 1 1 0 1 1 1 0 1 0 1 0 1 0 0 1 0 0 1 0 1 0 0 1 1 0 1 1 1 1 1 0 0 0 1 1 1 1 2 1 3 0 0 0 3 1 3 3 3 0 2
75th  1 0 0 1 1 1 0 1 0 1 1 1 0 0 0 0 1 1 1 1 1 0 0 1 0 1 1 1 1 1 0 0 1 1 1 0 0 1 1 1 0 0 2 0 1 3 3 1 2 1 1 3 0 0 1
76th  1 1 1 0 0 0 1 1 0 0 0 1 0 1 1 1 1 1 0 1 0 1 1 0 0 1 0 0 1 1 1 1 1 1 1 0 1 0 0 0 1 1 1 0 2 2 0 1 3 0 1 2 2 1 0
77th  1 0 0 1 0 0 1 0 0 1 0 1 0 0 1 0 0 0 1 0 1 0 0 0 1 1 0 1 1 0 0 1 1 0 0 1 1 1 0 0 0 0 1 0 1 2 3 3 3 3 1 2 1 2 3
78th  0 0 0 1 0 0 0 0 0 1 0 0 0 1 0 0 1 0 1 0 1 1 0 1 1 1 0 0 1 0 1 1 0 0 0 1 1 1 0 0 0 0 0 2 0 1 3 1 0 1 0 0 0 0 0
79th  1 0 0 1 1 1 1 0 1 0 1 1 1 0 0 0 0 0 0 1 1 0 0 1 1 0 0 1 1 1 1 0 1 1 0 0 1 1 1 1 0 1 0 1 0 2 2 0 1 3 3 3 3 0 1
80th  0 1 1 0 1 1 0 1 0 1 0 1 1 1 1 1 1 0 1 1 1 1 1 0 0 1 1 1 1 1 1 0 0 1 1 1 1 0 0 0 1 0 2 1 1 1 0 2 3 2 1 3 2 3 1
81th  0 1 1 0 0 1 0 0 1 0 0 0 1 1 0 0 0 0 0 0 0 1 0 0 0 0 0 1 0 1 0 1 1 1 1 0 0 0 0 1 0 0 2 1 2 0 3 0 2 3 2 1 3 2 0
82th  0 0 0 1 1 1 0 1 1 1 1 1 1 1 0 1 0 1 0 1 1 0 1 0 1 0 0 0 1 0 1 1 1 0 1 1 1 0 1 0 1 1 0 1 2 0 0 2 2 2 2 3 0 0 0
83th  0 0 0 0 1 1 0 0 0 0 0 0 1 0 0 0 1 0 0 0 0 1 0 1 0 1 1 1 1 1 0 0 0 1 1 1 1 0 0 1 1 1 1 0 2 0 2 2 2 3 2 3 3 3 3
84th  0 1 1 0 0 0 1 1 1 1 0 0 1 1 1 1 0 1 1 1 1 1 1 0 0 0 0 0 1 1 1 1 1 0 0 1 0 1 0 1 1 1 1 2 3 2 1 2 1 2 3 3 3 1 1
85th  0 1 1 1 0 0 0 0 1 0 0 1 1 1 0 0 1 1 0 0 1 1 1 1 0 1 1 0 0 0 1 0 1 0 0 0 1 0 1 0 1 1 2 1 1 3 0 0 0 2 3 1 2 0 1
86th  1 1 1 1 1 1 1 1 1 1 0 0 1 1 0 0 1 1 1 1 0 1 0 0 1 0 1 0 1 0 0 0 0 1 1 1 0 0 0 1 0 0 0 1 2 2 1 0 3 2 2 1 2 3 2
87th  1 0 0 1 1 1 1 0 0 1 1 1 1 0 1 1 0 0 1 0 0 0 1 1 0 0 1 0 1 0 0 1 1 1 0 0 1 1 1 0 0 0 1 1 3 2 0 2 2 0 3 0 1 1 0
88th  0 0 1 1 1 1 1 1 0 1 1 1 1 0 1 0 1 0 1 1 1 0 0 1 0 1 0 0 0 0 1 1 0 0 0 1 1 0 0 0 0 0 2 0 0 1 1 0 3 3 1 0 3 2 0
89th  0 1 1 1 0 0 0 1 0 1 1 0 0 0 0 1 0 0 0 1 0 0 0 0 1 0 1 1 1 1 1 0 1 0 0 1 0 0 0 0 0 0 0 0 0 0 1 1 3 0 1 0 1 1 1
90th  1 0 1 1 0 1 0 1 0 1 1 1 0 1 1 0 0 1 0 1 0 0 0 0 1 0 1 0 1 0 1 0 0 1 0 0 1 1 1 0 0 1 1 2 1 1 1 1 0 0 0 3 0 3 2
91th  1 0 1 1 1 1 0 1 0 0 1 0 1 1 0 1 1 1 0 0 1 1 1 0 1 0 0 0 1 0 1 1 1 0 1 1 1 0 1 0 1 1 0 0 0 2 2 3 2 2 2 1 2 3 1
92th  0 0 1 0 0 1 1 0 0 1 1 0 0 1 0 0 1 1 1 0 0 1 1 0 1 1 1 0 0 1 1 0 0 1 1 0 1 1 1 1 0 0 2 0 1 3 1 3 0 2 1 0 0 2 2
93th  0 1 0 0 0 0 0 1 0 0 0 0 1 1 1 0 0 0 0 0 1 1 1 0 0 0 0 0 0 0 0 1 0 0 1 0 0 0 0 1 1 0 0 1 0 1 2 1 3 3 0 1 1 1 3
94th  1 1 1 1 1 0 1 0 1 1 0 0 0 0 0 1 0 0 0 1 1 0 1 1 0 0 0 0 0 1 0 1 1 0 1 0 0 1 0 1 0 0 1 0 1 0 0 3 3 1 2 1 0 1 0
95th  1 1 0 0 1 1 1 0 1 1 0 0 1 1 0 1 1 1 1 1 1 1 1 0 1 0 0 1 1 1 1 1 0 0 0 0 0 0 0 1 1 0 0 2 0 1 3 2 2 3 2 2 1 2 2
96th  0 1 0 0 0 1 1 1 0 1 0 0 0 1 1 1 1 0 1 0 1 1 1 1 1 0 1 1 0 0 0 0 0 0 0 0 0 0 1 1 1 1 0 1 3 1 2 1 2 0 0 2 1 0 1
97th  0 1 1 0 0 0 1 1 0 0 1 0 0 0 0 0 1 1 1 1 0 0 0 0 0 1 1 1 1 1 0 0 0 0 0 1 0 1 1 0 0 0 1 0 0 0 0 1 1 2 0 0 3 0 0
98th  0 0 0 1 0 1 1 0 1 1 0 0 1 0 1 1 0 1 1 1 1 0 0 0 1 0 0 0 0 0 1 1 0 0 0 0 0 0 1 0 1 0 1 1 0 3 3 3 1 1 3 1 3 2 2
99th  0 0 1 1 1 0 1 0 1 1 1 0 0 0 0 1 0 1 0 0 1 1 1 1 1 0 1 0 1 1 0 1 0 1 1 1 0 1 0 1 0 1 1 0 3 3 3 0 2 0 2 0 2 3 3
100th  1 0 1 1 1 0 1 0 0 0 0 1 1 0 1 0 0 1 0 1 0 1 0 0 1 1 1 1 1 1 1 1 1 1 0 0 0 1 1 0 1 0 1 1 0 3 1 2 1 2 1 0 0 1 3
101th  0 0 0 1 1 0 0 1 1 0 0 1 1 0 1 0 0 1 1 0 0 0 1 1 0 0 0 1 1 0 1 1 0 0 1 1 0 0 1 1 0 1 2 2 1 2 2 1 3 2 0 3 0 0 3
102th  0 0 0 0 0 1 1 0 0 0 1 1 1 1 0 1 1 1 1 1 0 0 0 0 1 0 1 1 0 1 0 0 0 1 0 0 0 1 1 1 1 1 0 1 3 3 2 3 3 3 2 1 2 3 2
103th  0 0 0 1 1 1 0 1 1 0 1 0 0 1 1 0 1 0 0 1 1 0 0 1 1 1 1 1 1 1 1 0 0 0 0 0 1 0 1 0 0 1 0 2 1 3 3 1 2 3 2 0 2 1 0
104th  1 1 1 1 0 1 0 1 1 0 0 1 1 1 0 1 1 0 0 1 1 0 1 1 0 1 1 0 1 1 0 0 0 0 1 1 1 0 0 1 0 1 1 0 3 1 2 0 2 3 1 3 2 1 2
105th  0 1 0 0 1 0 0 0 1 0 0 1 1 0 0 0 0 0 1 0 0 0 0 1 1 0 1 1 0 1 0 1 0 1 1 1 0 0 1 1 0 1 0 1 0 1 1 3 1 3 0 0 1 3 1
106th  1 1 1 1 0 0 0 1 1 0 0 1 0 1 0 1 1 0 0 1 1 1 0 1 1 1 0 1 1 0 0 1 1 1 1 0 0 0 0 1 1 1 2 0 2 1 0 2 3 0 2 1 0 0 1
107th  0 1 1 0 0 0 1 0 1 1 1 0 0 0 1 1 0 0 1 0 0 0 1 1 1 0 0 0 0 0 0 1 1 0 1 0 0 1 0 1 1 0 2 2 3 0 3 2 0 3 1 1 2 1 3
108th  0 0 1 1 1 1 0 0 0 0 0 1 0 1 0 1 1 1 1 0 0 1 1 0 1 1 1 0 1 0 1 1 1 1 1 1 1 1 1 1 1 0 2 1 1 2 1 0 2 0 2 2 0 0 1
109th  0 0 1 0 1 0 1 0 1 1 0 0 1 1 1 1 0 0 0 1 1 0 1 0 0 1 1 0 0 0 0 1 0 0 1 1 0 0 0 1 1 1 0 0 1 2 0 1 2 1 2 0 1 2 3
110th  1 0 0 1 0 0 0 1 0 0 1 0 0 1 1 0 0 0 1 1 1 0 1 0 1 1 1 0 1 1 0 0 1 0 0 1 0 0 1 1 1 0 0 0 3 2 2 2 1 1 2 2 2 0 2
111th  0 0 0 1 0 1 1 1 1 1 0 1 1 0 0 1 1 0 0 0 0 0 0 1 1 1 1 0 0 0 1 0 0 0 1 1 1 0 1 1 0 1 0 1 0 2 2 2 0 0 2 0 2 2 1
112th  1 1 1 0 1 1 1 0 0 1 1 0 1 1 0 0 1 1 1 1 0 1 0 1 1 0 0 0 0 0 1 0 0 0 0 1 0 1 0 1 1 0 0 1 3 2 3 3 3 1 2 3 1 1 3
113th  0 1 1 0 0 0 0 0 1 0 0 0 1 1 0 0 0 0 1 1 0 1 0 1 1 0 1 1 0 1 0 1 1 0 1 1 0 0 0 0 0 1 2 2 2 3 3 3 1 2 3 2 0 3 3
114th  0 0 1 0 1 0 0 1 1 1 1 1 1 0 0 0 0 1 1 1 1 0 0 1 0 0 1 1 0 1 1 0 1 0 0 1 0 0 1 1 0 1 2 0 2 1 3 0 2 2 1 1 1 3 2
115th  0 0 1 0 1 1 0 0 0 1 1 0 1 0 1 0 0 0 0 0 0 0 1 1 1 1 1 0 0 0 0 0 1 0 0 0 1 1 0 1 0 0 1 0 2 1 0 0 0 2 1 2 3 2 1
116th  0 1 1 1 0 0 0 1 0 1 1 1 0 0 0 1 1 0 0 1 0 1 1 1 1 1 0 1 0 0 0 1 1 0 0 1 0 1 0 1 1 0 1 2 3 2 2 3 0 2 0 2 3 2 0
117th  0 1 0 0 0 0 0 0 1 1 1 1 1 1 1 1 0 1 0 0 1 1 1 0 1 1 0 1 0 1 1 1 1 0 0 0 0 1 1 1 1 1 1 1 2 1 1 0 3 2 3 2 0 1 2
118th  0 0 0 0 0 0 1 0 0 1 0 1 0 1 1 0 1 0 1 0 1 0 0 1 1 0 0 1 1 0 0 0 1 0 0 1 1 1 0 0 0 0 0 1 3 0 3 3 2 3 0 0 2 0 0
119th  0 1 1 1 1 1 0 1 1 0 1 0 1 1 1 1 1 1 1 1 0 0 1 1 1 0 1 1 0 0 0 0 0 1 1 1 1 0 1 1 1 1 1 1 3 2 1 2 0 1 1 1 2 3 1
120th  0 1 0 1 1 1 0 0 1 0 0 0 0 0 1 1 0 1 0 1 1 0 1 0 1 0 1 0 0 0 1 0 0 0 0 1 1 1 1 0 1 1 2 1 0 2 2 3 0 0 1 2 1 3 3
121th  1 0 1 0 1 0 0 0 0 0 0 1 1 1 1 0 1 1 0 1 1 0 0 0 0 1 1 1 0 1 1 1 1 1 0 1 0 1 1 0 1 0 1 1 3 3 2 2 0 3 3 0 0 0 2
122th  0 0 1 1 0 0 1 0 0 1 0 0 0 0 0 0 1 0 0 0 1 0 0 0 1 0 1 0 0 0 1 1 1 1 1 0 0 1 0 0 0 1 0 0 3 3 1 2 3 3 0 3 1 1 2
123th  1 1 1 1 0 0 1 1 0 0 0 1 0 1 1 1 1 1 0 1 0 1 1 0 0 1 0 1 1 1 1 1 1 0 1 0 1 0 0 0 1 1 1 0 1 0 0 3 1 3 1 1 2 3 2
124th  0 0 1 0 1 0 0 1 0 1 0 0 0 1 1 1 1 0 1 1 1 0 1 0 1 0 0 0 0 1 1 1 0 1 0 1 1 0 0 0 1 0 1 1 3 0 0 1 0 3 0 3 0 1 1
125th  0 0 0 0 0 0 0 0 1 1 0 1 1 0 0 1 1 0 0 0 0 1 0 1 1 1 0 0 0 0 1 0 0 0 1 1 1 1 0 0 0 1 0 2 3 1 1 0 1 0 3 2 2 2 2
126th  0 0 0 1 0 0 0 0 1 0 1 1 1 1 1 0 0 0 0 1 0 0 0 0 0 1 1 0 0 0 1 0 1 0 0 1 0 0 1 1 1 0 0 0 3 3 1 3 3 0 3 3 0 3 0
127th  0 0 1 0 0 1 0 0 1 1 0 1 0 1 0 1 1 1 0 1 0 1 0 0 0 0 0 1 0 1 0 1 1 1 1 1 0 1 0 1 1 1 0 0 1 2 2 1 1 2 1 3 1 3 0
128th  0 1 0 1 0 0 1 1 0 0 0 0 1 0 0 1 0 0 1 0 0 0 0 0 1 1 1 1 0 0 0 1 0 0 0 0 0 0 0 0 1 1 2 1 1 1 0 1 1 3 3 2 0 1 3
129th  1 0 0 0 0 0 0 0 0 1 0 0 0 0 0 0 0 0 1 0 0 1 0 1 0 0 1 1 0 1 0 0 0 1 0 1 0 1 0 1 0 1 1 1 1 2 2 3 3 3 0 0 2 2 1
130th  0 1 1 1 1 0 1 1 0 0 1 0 1 0 1 1 1 1 0 1 1 1 1 0 0 1 0 0 1 0 0 0 0 1 0 0 0 1 0 1 0 1 0 2 1 2 3 3 3 0 0 2 2 0 2
131th  0 0 0 1 1 1 0 1 0 0 1 0 0 1 1 0 1 0 0 0 1 0 0 1 1 1 1 1 1 1 1 0 0 0 0 0 1 0 1 0 0 1 1 2 1 1 0 0 2 3 0 2 2 3 0
132th  1 0 0 1 1 0 0 1 1 1 0 0 1 0 1 0 0 1 1 0 0 1 0 1 0 1 0 0 1 0 1 1 0 0 1 1 0 0 1 1 0 1 2 2 0 0 0 3 2 0 0 3 0 3 3
133th  0 0 1 0 1 1 0 1 0 1 1 0 0 0 1 0 0 1 1 1 0 0 1 1 0 1 0 0 0 1 1 0 0 1 0 1 1 0 0 1 1 1 2 1 1 3 3 1 3 0 3 1 2 1 2
134th  0 1 0 0 0 1 0 1 0 0 0 1 1 0 1 0 0 0 1 1 1 0 1 0 0 0 0 1 0 1 0 0 0 1 1 1 1 1 0 1 1 0 2 1 1 2 1 3 0 3 3 2 3 3 3
135th  0 0 1 1 1 1 0 1 1 0 0 1 0 1 0 0 1 1 0 0 0 1 0 1 1 1 0 0 1 0 0 1 1 0 0 0 1 1 0 0 0 0 0 0 1 1 2 2 3 0 0 1 3 3 3
136th  0 1 0 1 1 1 0 1 0 0 1 0 0 1 1 0 1 0 0 0 1 0 0 1 1 1 1 1 1 1 1 0 0 0 1 0 1 0 1 0 0 1 0 0 2 0 3 0 3 0 3 0 0 0 3
137th  0 0 0 1 1 1 1 1 1 0 1 1 0 1 1 0 0 1 1 1 1 0 0 0 0 0 1 1 0 1 1 0 1 1 0 1 1 1 0 0 0 0 0 2 2 2 1 2 2 1 2 2 3 1 0
138th  1 1 1 1 0 1 1 0 1 0 1 1 0 1 0 1 1 0 1 0 0 0 1 0 1 0 1 1 1 1 1 1 0 1 0 0 0 1 1 1 0 0 1 2 2 1 1 1 0 3 3 3 2 2 0
139th  0 0 0 1 1 0 1 0 1 1 0 1 0 0 1 1 0 1 1 1 1 0 0 0 1 0 0 0 1 0 1 1 0 1 0 0 0 0 1 0 0 1 0 1 0 0 0 3 1 0 2 0 2 2 3
140th  0 0 0 1 0 0 1 0 1 0 1 1 0 1 0 0 1 1 0 1 0 0 1 1 0 0 0 0 0 0 1 0 0 0 0 1 0 0 1 0 0 0 2 1 1 0 1 2 3 3 3 2 0 2 0
141th  0 0 1 1 1 0 0 1 0 0 1 0 0 0 0 0 0 0 1 1 0 0 1 0 0 1 1 1 0 1 0 1 1 1 0 1 0 1 0 1 1 1 2 0 0 3 0 2 1 0 0 2 0 0 1
142th  0 0 1 1 1 0 0 0 1 1 0 0 1 1 1 1 0 0 1 1 1 0 0 0 0 1 1 1 0 0 0 1 0 0 1 1 0 0 0 1 0 1 2 1 0 2 0 1 0 3 0 1 0 2 0
143th  0 1 0 0 0 1 1 0 1 1 0 0 0 0 0 1 0 0 0 1 0 1 0 0 1 1 0 0 1 1 0 0 1 0 0 1 1 1 1 1 0 1 1 2 2 3 3 0 1 1 0 0 1 1 1
144th  0 1 0 1 1 1 1 0 0 1 1 0 0 0 0 0 0 0 1 1 0 1 0 1 1 1 0 0 0 1 1 0 0 0 1 0 0 0 0 0 1 0 2 2 0 0 1 1 3 1 2 1 3 3 3
145th  0 0 0 1 1 1 1 0 1 1 0 1 1 1 1 0 0 1 1 0 1 1 1 1 1 0 0 1 0 0 0 0 0 0 0 0 0 0 0 1 0 0 1 2 1 0 1 1 0 0 1 0 3 2 1
146th  1 1 0 1 0 1 0 0 1 1 1 1 0 0 1 0 0 0 0 1 1 1 1 1 0 1 0 0 1 1 1 1 1 0 1 0 1 1 1 0 1 1 1 1 1 0 2 1 2 2 3 3 2 3 3
147th  0 0 1 0 1 0 0 1 1 0 1 0 0 1 0 0 0 0 0 1 1 0 0 0 0 0 1 0 1 0 0 0 0 0 0 1 1 1 0 1 1 0 2 1 3 0 2 1 1 1 3 3 3 3 0
148th  1 0 1 1 1 1 0 1 1 0 1 0 1 1 0 1 1 1 0 0 1 1 1 0 1 0 0 0 1 0 1 1 1 0 1 1 1 0 1 0 0 1 2 1 2 3 1 2 2 1 3 2 1 1 2
149th  0 0 1 0 0 0 1 0 0 0 1 1 0 1 1 1 1 1 1 0 1 0 1 1 0 1 1 0 0 1 1 1 0 1 1 0 1 0 0 0 0 1 1 1 1 3 3 3 2 2 3 3 3 2 2
150th  0 1 0 0 0 1 0 0 1 0 0 0 1 0 0 0 1 0 0 0 0 1 0 1 0 1 1 0 0 1 0 0 1 1 0 1 1 1 1 1 1 1 2 0 2 2 2 1 1 1 3 1 0 2 1
151th  0 0 0 1 0 1 1 0 0 1 0 1 1 0 1 0 1 1 0 0 1 1 1 0 1 1 1 1 0 0 1 1 1 0 1 1 1 0 1 1 0 0 2 0 0 3 1 0 0 3 0 2 0 0 3
152th  0 1 0 0 1 1 0 1 1 0 1 1 1 0 1 0 1 1 1 1 0 0 0 0 1 1 0 0 0 0 1 1 1 1 0 1 0 1 0 1 0 1 0 1 2 0 1 2 2 0 1 2 2 3 2
153th  1 1 0 0 0 0 1 1 0 0 0 0 0 0 0 1 1 1 1 1 0 0 0 0 1 1 1 1 0 1 0 1 0 0 0 0 0 0 0 0 1 1 1 2 2 3 1 3 2 0 3 2 3 3 1
154th  0 1 0 0 0 1 1 0 1 1 0 1 1 1 1 0 1 1 1 1 1 0 1 0 1 0 1 1 0 0 1 0 0 0 0 0 0 1 1 0 0 1 1 1 0 2 0 1 0 3 2 2 2 3 1
155th  0 1 0 1 0 0 1 0 0 0 0 0 1 0 0 1 0 1 1 0 1 1 1 0 1 1 0 1 1 1 0 0 1 1 1 1 0 1 1 0 0 1 2 1 2 1 3 3 0 0 0 0 0 2 0
156th  0 1 0 0 1 1 1 0 0 1 1 0 0 0 0 1 0 0 1 1 0 0 0 0 0 0 1 1 1 1 0 1 0 1 1 1 1 0 1 0 1 1 0 2 3 3 0 2 3 2 2 2 3 2 1
157th  0 0 0 0 1 0 0 0 0 0 1 0 1 1 0 0 0 1 0 1 1 0 0 1 0 0 1 1 1 1 1 1 1 0 1 1 0 0 0 1 0 0 1 0 1 1 1 2 2 2 3 0 2 0 1
158th  0 0 0 0 0 0 1 1 0 0 0 0 0 1 0 0 1 0 0 0 0 0 1 0 0 0 1 0 0 1 0 0 1 1 1 0 1 1 0 0 1 1 0 2 0 3 1 1 1 3 1 2 3 2 2
159th  0 1 0 0 1 1 0 1 0 0 1 0 1 1 1 1 0 0 1 0 1 0 1 1 1 1 1 1 1 0 0 1 1 1 0 0 0 0 0 0 1 0 0 0 2 3 2 0 2 2 0 0 3 3 0
160th  1 0 0 0 0 0 0 0 0 0 0 0 0 0 0 0 1 0 0 0 0 1 0 1 0 0 0 0 0 0 0 0 0 0 0 0 0 0 0 0 1 0 2 0 3 1 2 1 3 1 1 0 2 2 3
161th  0 1 1 1 1 1 1 1 1 1 0 1 1 1 1 0 1 1 0 1 1 1 0 1 1 1 1 1 1 1 0 1 1 1 1 1 1 1 1 1 0 1 1 2 0 0 1 2 3 3 1 1 2 0 3
162th  1 0 1 0 0 0 0 0 1 0 0 1 0 0 1 1 1 1 0 1 1 0 1 1 0 1 1 0 0 1 1 1 0 1 1 0 1 1 1 0 0 0 2 2 2 0 2 3 3 2 1 3 3 2 0
163th  1 0 1 0 1 0 1 0 0 0 0 0 0 0 1 0 1 1 1 0 1 0 1 0 1 1 1 0 1 0 1 0 1 1 1 0 1 0 1 0 1 0 0 0 0 3 3 3 3 3 0 3 3 0 3
164th  0 1 1 0 1 0 1 1 1 1 1 1 1 1 1 1 1 0 1 0 1 1 0 1 0 1 1 1 0 1 0 1 1 0 1 1 1 1 0 0 0 0 2 1 3 3 2 1 0 0 3 0 1 2 3
165th  0 0 0 1 1 0 1 1 0 0 0 0 0 0 0 0 0 1 1 0 1 0 0 0 0 0 0 0 0 0 1 1 0 0 0 0 0 1 1 1 1 1 0 0 2 2 0 0 0 1 0 1 1 3 3
166th  0 1 1 1 1 1 0 0 1 0 0 0 1 1 1 1 0 0 1 0 0 1 0 1 1 0 0 0 1 1 0 1 1 0 1 0 0 1 0 0 1 1 2 2 0 3 2 2 3 1 3 0 0 3 1
167th  1 1 1 1 0 1 1 0 0 0 1 1 1 0 1 0 0 1 0 0 1 1 1 1 0 1 0 1 1 0 1 0 0 1 1 1 1 1 1 0 0 1 1 0 3 3 3 1 2 2 3 2 3 0 0
168th  1 1 0 1 1 0 0 0 1 1 0 0 1 1 0 0 1 0 0 0 1 1 1 1 0 0 1 1 0 1 0 1 1 0 1 1 0 0 0 0 0 1 2 2 3 3 0 0 0 3 2 0 1 0 1
169th  1 0 1 1 1 1 0 0 1 0 1 1 0 0 1 1 1 1 0 0 1 1 1 1 1 0 0 0 1 1 0 1 0 0 1 1 0 1 1 0 1 0 1 1 2 2 1 3 0 3 1 0 1 0 0
170th  0 0 0 1 0 0 1 1 0 1 0 1 1 0 1 0 1 1 0 0 1 1 0 0 0 1 1 1 0 1 0 1 1 1 1 0 1 0 1 1 0 0 2 2 3 2 2 0 3 3 2 2 3 1 3
171th  1 0 0 0 0 1 0 0 0 1 1 0 0 1 1 1 0 0 1 1 0 0 1 0 1 0 0 0 1 1 0 0 0 1 0 0 0 0 0 0 0 0 1 1 1 2 3 2 1 2 2 1 0 0 3
172th  1 0 1 1 1 1 1 0 0 0 0 0 0 1 0 0 0 0 0 1 0 1 0 0 0 0 1 1 1 0 1 1 1 1 0 0 1 1 1 0 1 0 1 0 0 2 1 3 3 2 0 1 0 2 2
173th  1 0 1 1 1 1 0 0 1 1 1 0 1 0 1 0 0 0 0 1 0 0 1 1 0 0 1 0 0 0 0 1 1 0 0 0 1 1 0 1 0 0 0 1 1 0 2 0 3 0 2 0 1 3 2
174th  0 1 0 0 0 1 0 0 0 0 0 1 1 0 1 0 1 0 0 0 1 1 1 0 1 1 1 1 0 0 1 1 1 0 1 0 1 0 1 1 0 0 1 2 3 2 3 1 2 1 3 2 1 3 2
175th  0 1 1 0 1 1 1 1 1 1 1 0 0 0 0 1 0 0 1 1 1 0 1 1 1 1 0 0 1 0 0 0 1 1 1 0 0 0 0 1 0 0 1 0 2 3 0 2 1 3 1 0 2 3 0
176th  0 1 1 1 0 0 0 1 0 1 0 1 1 0 1 1 1 1 0 0 0 1 0 1 0 0 1 0 0 1 1 0 0 0 0 0 1 1 1 1 1 0 2 1 1 3 0 1 1 1 2 2 0 3 2
177th  0 0 1 0 1 0 0 1 0 0 1 1 0 1 1 1 0 0 1 1 1 0 1 0 0 1 0 1 1 0 0 1 1 0 1 1 1 1 0 0 1 1 2 1 1 0 1 3 0 1 0 1 1 1 0
178th  1 1 1 1 0 1 1 1 0 1 0 1 1 1 1 1 0 0 0 1 0 0 1 1 0 0 0 0 0 0 0 0 0 0 1 1 0 1 0 0 1 0 1 2 2 3 3 1 3 3 0 3 1 3 0
179th  0 1 0 0 1 1 0 0 0 1 0 0 0 0 1 0 1 1 0 0 0 1 1 1 0 0 0 1 0 0 1 0 0 1 1 1 0 1 1 0 0 1 0 2 1 2 0 2 0 3 0 3 3 0 2
180th  1 1 0 0 1 1 1 1 0 1 0 0 1 0 1 1 1 0 1 0 1 1 1 0 1 0 0 1 0 0 0 0 0 0 0 0 0 1 1 1 1 1 2 0 2 0 2 2 1 0 0 3 1 2 1
181th  0 0 0 1 1 0 1 1 1 0 0 1 1 1 1 1 0 0 1 1 1 0 1 1 1 0 0 0 0 0 0 0 0 0 1 0 0 0 1 1 0 0 0 1 3 3 2 0 1 2 0 1 0 2 2
182th  0 0 0 0 1 1 0 0 0 1 0 0 1 1 0 0 0 1 0 0 0 1 1 0 1 0 0 1 1 1 0 0 1 1 1 1 1 1 0 0 0 1 0 0 0 0 3 2 0 2 3 3 1 1 3
183th  0 0 0 1 1 1 1 0 1 0 1 0 1 1 1 1 1 0 0 1 0 0 1 0 1 0 1 1 0 1 1 1 0 1 0 0 1 1 0 0 1 0 2 1 0 2 2 0 1 2 3 2 2 1 0
184th  1 1 0 0 0 0 1 1 1 0 0 0 0 0 0 0 1 0 0 1 0 0 1 0 0 0 1 0 0 1 0 0 1 1 1 0 1 1 0 0 1 1 2 2 3 0 1 2 2 1 0 2 0 2 3
185th  0 1 1 0 1 1 0 1 0 1 1 0 0 1 0 1 0 1 1 0 1 0 1 0 0 0 1 1 0 0 1 1 0 1 1 1 0 0 0 1 0 0 2 2 3 3 1 3 3 3 2 0 3 1 1
186th  1 0 1 0 1 0 0 1 1 1 0 0 0 0 0 1 1 1 1 1 1 0 1 1 0 0 1 0 0 0 1 0 1 0 0 0 0 1 1 0 0 0 2 2 1 2 3 2 3 0 3 1 3 2 1
187th  0 0 0 0 0 1 0 0 0 1 1 1 0 0 1 1 1 1 1 0 1 1 0 0 0 0 1 0 1 0 1 0 0 1 1 0 0 1 0 1 0 0 1 2 0 1 2 2 2 0 2 1 3 1 2
188th  0 0 0 0 0 0 0 0 1 0 0 1 1 1 1 1 1 0 1 0 1 1 1 1 0 1 1 1 0 1 0 1 1 0 1 0 1 0 1 0 0 1 0 2 1 3 2 2 2 0 1 0 0 0 0
189th  0 1 0 1 0 1 0 1 0 0 1 1 0 0 0 0 1 1 0 1 1 0 1 0 1 0 1 1 0 0 1 0 0 0 0 1 0 1 0 1 0 0 0 1 1 3 0 0 1 0 2 3 3 1 2
190th  1 1 1 1 0 0 0 1 1 0 0 0 0 1 1 0 0 0 0 1 1 1 0 1 0 1 0 1 1 0 0 0 1 0 1 0 1 1 0 0 0 1 0 1 0 3 1 0 1 2 2 3 2 1 1
191th  0 1 1 0 0 1 1 0 0 0 0 0 0 0 0 0 0 1 0 1 0 0 0 1 1 0 1 1 1 1 1 0 1 1 1 1 1 0 0 0 1 0 2 1 1 3 2 1 2 3 1 1 1 2 1
192th  0 0 1 1 1 1 1 0 1 0 1 0 0 1 0 0 1 0 0 1 1 0 0 0 0 0 1 1 1 1 0 1 1 0 1 0 1 0 0 1 1 1 0 0 0 2 3 0 0 0 1 2 3 3 2
193th  1 1 1 1 0 0 0 1 1 0 0 1 0 1 1 1 0 0 0 0 1 1 0 1 1 1 0 1 1 0 0 0 1 1 1 0 0 0 0 1 1 1 0 0 1 0 0 3 0 0 2 2 3 0 0
194th  1 0 0 1 0 0 0 0 0 1 0 0 0 1 0 0 1 1 1 0 1 1 1 1 1 1 1 0 1 0 1 1 0 0 0 1 1 1 0 0 0 0 1 1 3 1 1 2 0 2 2 1 1 3 0
195th  0 1 0 0 1 1 0 1 0 1 1 1 0 1 1 1 1 1 1 0 0 0 0 0 1 1 1 1 0 0 0 1 0 0 0 1 1 0 0 0 1 0 0 1 2 0 0 1 1 0 3 1 1 3 1
196th  0 1 1 0 0 1 0 1 0 1 0 1 1 1 1 1 0 0 1 1 1 1 1 0 0 1 1 1 0 1 0 0 1 1 1 0 1 0 0 0 1 0 1 2 2 0 0 3 3 3 3 2 1 0 1
197th  1 1 1 1 0 0 1 1 0 1 1 1 0 1 0 0 1 1 0 1 0 1 0 0 1 0 1 0 0 1 0 1 0 0 0 1 0 1 0 0 1 0 1 1 1 0 3 0 2 1 1 0 3 1 3
198th  0 0 0 0 0 0 0 0 1 1 1 0 0 1 1 1 0 1 0 0 1 1 0 1 1 1 1 1 1 1 1 1 1 0 0 0 0 1 0 1 1 1 0 1 1 3 2 0 1 1 0 2 2 2 3
199th  0 0 1 0 1 0 0 1 0 0 1 1 1 0 0 0 0 1 1 1 0 0 0 1 0 0 1 0 0 1 1 0 1 0 0 1 0 1 1 1 1 1 0 2 3 2 0 0 3 2 2 0 0 0 0
200th  0 0 0 0 1 0 1 0 0 0 0 0 0 0 1 1 0 1 0 0 1 0 1 0 1 0 0 0 1 1 0 0 0 1 0 0 0 1 1 1 0 0 0 2 3 2 3 1 0 3 1 0 3 3 3
201th  1 1 0 0 1 1 1 0 0 1 0 1 0 1 0 1 0 0 1 0 0 1 0 1 0 1 0 1 0 0 1 1 0 1 1 0 0 1 1 0 0 1 2 0 3 1 1 1 1 3 2 1 2 2 0
202th  0 1 0 1 0 1 1 1 1 0 0 0 1 1 0 0 1 1 1 0 0 1 1 0 0 0 1 0 1 0 0 0 0 1 1 1 1 0 1 1 1 0 2 0 2 2 0 3 1 3 3 3 1 2 2
203th  0 0 1 1 1 1 1 1 0 1 1 1 1 1 0 0 1 0 1 1 1 1 0 1 0 1 0 1 0 0 1 1 0 0 0 1 0 0 0 0 1 1 0 1 1 1 2 0 0 2 2 1 3 1 0
204th  0 0 0 0 1 1 1 0 0 0 0 1 0 0 1 0 1 0 0 1 1 1 0 0 1 0 0 0 1 0 1 0 0 0 0 0 1 1 0 0 1 1 1 1 2 3 3 2 0 1 3 3 2 2 0
205th  1 0 1 0 0 0 0 0 1 0 0 1 0 0 1 1 1 1 0 0 1 0 1 1 0 1 1 0 0 1 1 1 0 1 1 1 1 0 1 0 0 0 1 0 0 2 0 2 3 1 3 3 2 0 3
206th  1 0 0 0 1 1 1 0 0 1 1 1 1 1 1 1 0 1 1 0 1 0 0 0 1 1 1 1 1 1 1 0 0 1 1 1 1 0 1 0 1 0 1 2 2 3 2 1 2 0 2 2 2 2 2
207th  0 0 0 1 0 0 0 1 0 0 1 1 1 1 1 0 1 0 1 1 0 0 1 1 0 1 1 0 1 0 0 0 1 0 0 1 0 0 1 1 1 0 2 1 3 2 3 2 3 0 1 3 0 3 2
208th  0 1 1 1 0 1 1 0 1 1 1 0 1 0 1 0 0 0 0 0 0 1 1 0 1 0 0 1 0 0 0 0 1 1 1 0 0 0 1 1 0 1 0 0 3 1 0 3 0 1 3 2 2 1 1
209th  0 1 0 0 1 1 1 0 1 1 1 1 1 0 1 1 1 0 1 0 0 0 1 1 0 0 1 0 1 0 0 1 1 0 1 1 1 0 1 0 0 0 1 0 3 3 1 1 2 2 0 1 3 0 2
210th  0 0 0 0 0 1 1 1 0 0 1 1 0 0 1 1 0 1 1 1 1 0 0 0 0 0 1 1 0 1 1 0 1 1 0 1 1 1 0 0 1 1 0 1 3 0 2 2 0 1 1 2 3 0 1
211th  0 1 0 1 0 1 1 1 1 1 0 1 1 1 0 1 1 1 1 0 0 1 1 0 0 0 1 0 1 1 0 1 0 1 1 0 0 0 1 1 1 0 1 2 0 0 3 3 0 0 2 3 0 3 1
212th  1 1 1 1 1 0 0 1 1 0 1 1 1 1 0 0 1 1 0 0 1 1 1 0 0 1 1 0 0 0 1 0 0 0 1 1 1 0 1 0 1 1 2 2 1 1 2 2 1 2 1 0 1 0 2
213th  0 1 1 1 0 0 0 1 1 0 0 1 1 1 1 1 1 0 0 0 1 1 0 1 1 1 0 1 1 0 1 0 0 1 1 0 0 0 0 1 1 1 0 2 1 0 1 0 2 3 3 1 1 2 3
214th  1 1 1 1 0 0 0 0 0 1 0 1 0 0 0 1 1 0 0 0 0 1 1 1 0 1 0 1 0 0 0 0 1 0 0 1 0 1 0 0 1 0 0 2 3 3 0 1 0 2 3 0 3 3 3
215th  0 1 1 0 0 1 0 1 1 0 0 0 1 0 0 1 0 0 1 1 0 1 0 1 1 0 0 0 1 0 1 0 0 1 0 0 1 1 0 1 0 1 1 0 3 2 1 3 1 1 0 0 0 3 3
216th  1 0 1 1 1 1 0 0 0 0 0 1 0 1 0 1 1 1 1 0 0 1 1 1 1 1 1 1 1 0 0 0 1 1 1 1 1 0 1 1 1 0 1 0 1 2 1 0 1 0 0 1 3 1 1
217th  1 1 0 0 1 1 1 1 0 0 1 1 0 0 1 1 1 0 1 0 0 0 1 1 0 0 1 1 1 1 0 0 1 0 0 0 1 0 1 0 0 0 0 2 3 3 0 3 2 1 1 1 3 0 3
218th  0 0 0 0 0 0 0 1 1 0 1 1 1 1 0 1 1 0 0 1 0 1 0 0 1 1 0 1 1 1 0 0 0 1 1 1 1 0 0 0 0 1 1 2 1 3 1 0 3 1 1 1 2 0 0
219th  0 1 1 1 1 0 1 1 1 0 1 0 0 0 1 1 0 0 1 1 0 0 0 1 0 0 1 0 1 1 1 1 0 0 0 1 1 1 1 1 1 1 0 2 2 2 3 2 2 3 0 1 1 0 1
220th  0 0 0 0 1 1 0 0 0 0 1 1 0 0 1 1 1 1 1 1 1 1 0 0 0 0 1 1 1 0 1 0 0 1 1 1 0 0 1 1 0 0 2 0 3 3 0 0 1 1 1 2 1 1 0
